17034.44559
17735.2295
56.5928425
721.3646284
19907.77173
17017.13627
46349.538
56.5928425
56592.8425
309619.4413
17487.18833
56.5928425
168647.3014
56.5928425
56.5928425
130163.5377
56.5928425
37860.61163
56.5928425
565928.425
226371.37
56.5928425
130163.5377
56.5928425
280134.5704
22693.72984
17127.33974
28296.42125
17526.2229
59588.99169
230729.0189
56.5928425
159478.6302
56.5928425
49453.50726
17867.7499
19467.93782
85030.74585
30079.41157
56.5928425
76966.26579
56592.8425
17868.43801
18109.7096
18081.41318
38026.4247
56592.8425
56545.85323
56.5928425
22637.137
56536.24965
56.5928425
198074.9487
169778.5275
169778.5275
17091.03843
56.5928425
16977.85275
282964.2125
28296.42125
209393.5172
16977.85275
5.65928425
20432.94635
67.911411
28239.82841
56.5928425
84889.26374
28296.42125
16977.85275
140633.2136
56.5928425
16977.85275
848892.6374
45.84020242
28013.45704
17260.81696
56.5928425
16986.34168
452.74274